728972961	4679	4735
728972961	4852	4878
728972961	4757	4779
728972961	8558	8706
728972961	10317	10329
728972961	10257	10269
728972961	10157	10169
728972961	14308	14336
728972961	16330	16350
728972961	21472	21486
728972961	25147	25203
728972961	29700	29758
728972961	1400	1452
728972961	1692	1733
728972961	3486	3522
728972961	4910	4936
728972961	5126	5152
728972961	9021	9032
728972961	8744	8930
728972961	10381	10393
728972961	10646	10670
728972961	11014	11182
728972961	12301	12320
728972961	13047	13075
728972961	15155	15275
728972961	19505	19516
728972961	20640	20668
728972961	21257	21271
728972961	23063	23084
728972961	23852	23867
728972961	19826	19842
728972961	24223	24266
728972961	26467	26506
728972961	27636	27699
728972961	154	169
728972961	762	781
728972961	5422	5563
728972961	7402	7433
728972961	9033	9073
728972961	10921	10947
728972961	12446	12519
728972961	12770	12902
728972961	14336	14489
728972961	15033	15043
728972961	15556	15636
728972961	15667	15687
728972961	15735	15748
728972961	16460	16472
728972961	16699	16716
728972961	17455	17472
728972961	17779	17790
728972961	18033	18041
728972961	18773	18795
728972961	19864	20009
728972961	20026	20038
728972961	20061	20074
728972961	20344	20356
728972961	20775	20802
728972961	20938	20952
728972961	21005	21013
728972961	22844	22857
728972961	23221	23282
728972961	23956	23965
728972961	23995	24012
728972961	24384	24401
728972961	25136	25145
728972961	27300	27320
728972961	29873	29894
728972961	29921	29944
728972961	29968	29998
