781768042	382	597
781768042	7029	7044
781768042	7046	7169
781768042	10249	10312
781768042	4963	4972
781768042	5923	6076
781768042	6255	6266
781768042	11503	11705
781768042	0	108
781768042	112	127
781768042	173	210
781768042	238	361
781768042	727	770
781768042	2681	2691
781768042	2662	2676
781768042	2721	2731
781768042	2809	2819
781768042	2892	2906
781768042	2911	2921
781768042	2932	2946
781768042	2959	2969
781768042	3085	3095
781768042	3326	3335
781768042	4699	4732
781768042	4972	4999
781768042	5533	5589
781768042	6149	6168
781768042	6346	6400
781768042	6785	6854
781768042	7261	7377
781768042	7411	7421
781768042	8553	8563
781768042	9062	9438
781768042	10765	10929
781768042	10931	11420
781768042	11333	11354
781768042	11707	11947
781768042	10346	10762
781768042	11423	11501
781768042	11987	12105
781768042	12131	12141
781768042	12322	12402
781768042	12449	12527
781768042	7516	7650
