777488669	8420	8479
777488669	17648	17724
777488669	111	184
777488669	1372	1390
777488669	2625	2698
777488669	7981	8009
777488669	8903	8976
777488669	13629	13645
777488669	13779	13798
777488669	13460	13476
777488669	16567	16577
777488669	21934	21956
777488669	278	389
777488669	503	527
777488669	694	833
777488669	1113	1128
777488669	1151	1163
777488669	1234	1246
777488669	1750	1760
777488669	2379	2485
777488669	3108	3119
777488669	4583	4947
777488669	6374	6406
777488669	6788	6827
777488669	6922	6961
777488669	7592	7622
777488669	9024	9133
777488669	9590	9606
777488669	9651	9660
777488669	9849	9867
777488669	10681	10700
777488669	10554	10580
777488669	10582	10639
777488669	10733	10815
777488669	11201	11246
777488669	11262	11281
777488669	12262	12282
777488669	12413	12428
777488669	12557	12574
777488669	12887	12921
777488669	12952	12974
777488669	13570	13593
777488669	14593	14726
777488669	14771	14890
777488669	14892	15109
777488669	15401	15484
777488669	15655	15689
777488669	15722	15749
777488669	15762	15782
777488669	15843	15905
777488669	15990	16052
777488669	16281	16323
777488669	16590	16658
777488669	16977	17007
777488669	17289	17340
777488669	17465	17488
777488669	17543	17581
777488669	18269	18309
777488669	18451	18671
777488669	19644	19718
777488669	19871	19879
777488669	19920	19937
777488669	20377	20446
777488669	20595	20629
777488669	20485	20534
777488669	21752	21843
777488669	22330	22358
777488669	22360	22575
777488669	9166	9295
777488669	10056	10226
