765982381	2063	2107
765982381	3364	3567
765982381	6856	6882
765982381	2851	2932
765982381	4183	4248
765982381	4494	4523
765982381	5207	5240
765982381	5379	5392
765982381	398	411
765982381	416	448
765982381	770	1045
765982381	1025	1045
765982381	1367	1377
765982381	2200	2231
765982381	2422	2462
765982381	2324	2346
765982381	2492	2555
765982381	2588	2623
765982381	2626	2635
765982381	2831	2849
765982381	2949	3044
765982381	3095	3187
765982381	3207	3223
765982381	3309	3352
765982381	3888	3917
765982381	4110	4132
765982381	4947	4995
765982381	5976	6023
765982381	6039	6058
765982381	6063	6091
765982381	6197	6250
765982381	6262	6296
765982381	6415	6439
765982381	1600	1817
