765197039	2091	2505
765197039	4094	4541
765197039	907	911
765197039	3299	4011
765197039	3835	3856
765197039	4223	4259
765197039	403	436
765197039	3004	3031
765197039	3897	3905
765197039	4290	4351
765197039	4726	4789
765197039	446	469
765197039	568	904
765197039	1004	1048
765197039	1245	1253
765197039	1338	1352
765197039	2270	2283
765197039	2306	2343
765197039	3208	3230
765197039	3385	3398
765197039	3725	3741
765197039	3909	3930
765197039	1961	2088
765197039	2609	2629
765197039	2631	2879
765197039	187	289
765197039	1058	1143
765197039	2444	2505
765197039	4572	4603
765197039	330	369
765197039	2507	2592
765197039	2881	2962
765197039	4605	4724
