703821117	2350	2366
703821117	3483	3500
703821117	11087	11105
703821117	11655	11672
703821117	12003	12039
703821117	12349	12364
703821117	14142	14159
703821117	16781	16835
703821117	17552	17689
703821117	179	237
703821117	114	174
703821117	472	532
703821117	833	882
703821117	2475	2525
703821117	3368	3384
703821117	3519	3572
703821117	3893	3976
703821117	5022	5080
703821117	5281	5374
703821117	6445	6453
703821117	6520	6610
703821117	6620	6637
703821117	7264	7315
703821117	7674	7693
703821117	10469	10572
703821117	10572	10681
703821117	10697	10806
703821117	10860	10997
703821117	10820	10845
703821117	11221	11328
703821117	12149	12243
703821117	13152	13167
703821117	13316	13370
703821117	13902	13935
703821117	13936	13959
703821117	13960	14031
703821117	18447	18551
703821117	14419	14459
703821117	14511	14641
703821117	14752	14921
703821117	15047	15070
703821117	15216	15280
703821117	15785	15852
703821117	16195	16232
703821117	16335	16412
703821117	16976	17014
703821117	17016	17049
703821117	18269	18326
703821117	18378	18397
703821117	18604	18640
703821117	6046	6098
703821117	17150	17244
