787002327	2110	2257
787002327	2707	2728
787002327	4104	4173
787002327	4630	4648
787002327	4710	4757
787002327	5606	5626
787002327	5916	5943
787002327	6166	6190
787002327	6195	6209
787002327	6813	7147
787002327	3103	3203
787002327	3557	3572
787002327	3582	3597
787002327	184	203
787002327	215	251
787002327	288	308
787002327	363	387
787002327	459	502
787002327	542	564
787002327	682	705
787002327	838	1019
787002327	1109	1160
787002327	1195	1219
787002327	1266	1286
787002327	1356	1371
787002327	1471	1506
787002327	1709	1881
787002327	1961	1981
787002327	2263	2357
787002327	2458	2493
787002327	2867	2897
787002327	4007	4033
787002327	4193	4226
787002327	4412	4433
787002327	5243	5249
787002327	5252	5303
787002327	5467	5544
787002327	5667	5770
787002327	5908	5916
787002327	6064	6088
787002327	6460	6490
787002327	6530	6548
787002327	6739	6811
787002327	7149	7200
