715588833	624	681
715588833	2437	2464
715588833	7098	7129
715588833	7155	7186
715588833	8643	8941
715588833	10678	10919
715588833	0	18
715588833	412	499
715588833	1046	1074
715588833	1753	1770
715588833	2061	2161
715588833	2622	2774
715588833	6660	6745
715588833	7638	7734
715588833	7829	7856
715588833	7857	7911
715588833	8548	8643
715588833	8479	8547
715588833	9232	9269
715588833	9456	9504
715588833	9836	10048
715588833	11273	11389
715588833	11390	11427
715588833	11846	12087
715588833	11575	11845
