786731884	1559	1626
786731884	1733	1788
786731884	2238	2379
786731884	4240	4259
786731884	4441	4499
786731884	3649	3693
786731884	3996	4079
786731884	30	45
786731884	218	237
786731884	249	285
786731884	322	342
786731884	369	393
786731884	430	473
786731884	513	535
786731884	714	729
786731884	862	877
786731884	926	945
786731884	957	993
786731884	1459	1483
786731884	1670	1694
786731884	2091	2137
786731884	2443	2460
786731884	2462	2574
786731884	2501	2520
786731884	2714	2758
786731884	2775	2796
786731884	2799	2820
786731884	2822	2915
786731884	3041	3052
786731884	3121	3141
786731884	3150	3165
786731884	4278	4300
786731884	4803	4826
786731884	4847	4856
786731884	4890	4929
786731884	4082	4169
