737194975	93	115
737194975	1763	1775
737194975	6010	6035
737194975	12531	12562
737194975	28	49
737194975	339	356
737194975	600	675
737194975	1142	1192
737194975	1431	1439
737194975	4807	4937
737194975	5409	5449
737194975	5451	5630
737194975	5816	5819
737194975	6035	6319
737194975	7007	7014
737194975	7504	7508
737194975	7944	7967
737194975	9260	9277
737194975	11088	11127
737194975	11129	11152
737194975	12052	12201
737194975	12580	12607
737194975	12782	12798
737194975	13117	13121
737194975	12967	12971
737194975	13289	13309
737194975	10	25
737194975	14080	14083
737194975	14486	14494
737194975	7210	7364
737194975	2409	2429
737194975	6321	6456
737194975	6670	6817
737194975	7712	7855
737194975	9871	9884
737194975	10692	10784
737194975	11347	11360
737194975	11525	11530
737194975	11763	11862
737194975	11983	11996
737194975	12851	12892
737194975	14288	14313
