700551604	5659	5820
700551604	1881	2029
700551604	2735	2777
700551604	3068	3179
700551604	3209	3233
700551604	3383	3404
700551604	5322	5341
700551604	6897	6916
700551604	1657	1686
700551604	2034	2150
700551604	2566	2610
700551604	2830	2880
700551604	2894	2956
700551604	3326	3365
700551604	4462	4524
700551604	4686	4699
700551604	5977	6097
700551604	7425	7513
700551604	7547	7631
700551604	7694	7798
700551604	8615	8673
700551604	8924	8979
700551604	9219	9326
700551604	3698	3735
700551604	5343	5410
