790677230	812	823
790677230	2773	2798
790677230	9516	9568
790677230	9878	9896
790677230	10304	10355
790677230	10409	10636
790677230	11178	11218
790677230	9194	9245
790677230	492	515
790677230	741	769
790677230	1202	1237
790677230	2043	2062
790677230	2231	2245
790677230	3473	3704
790677230	3981	4021
790677230	4339	4360
790677230	4977	5036
790677230	8987	8999
790677230	9351	9443
790677230	9447	9470
790677230	9666	9762
790677230	9784	9807
790677230	10043	10068
790677230	866	886
790677230	1121	1145
790677230	1964	1973
790677230	2144	2171
790677230	4513	4620
790677230	5626	5636
790677230	7400	7497
790677230	8857	8869
