769962328	2213	2316
769962328	3274	3311
769962328	3323	3431
769962328	4074	4086
769962328	1756	1826
769962328	3749	3790
769962328	4088	4269
769962328	334	599
769962328	1336	1358
769962328	1978	2013
769962328	2086	2196
769962328	2338	2369
769962328	2666	2696
769962328	3160	3223
769962328	3110	3157
769962328	3566	3594
769962328	3663	3706
769962328	3877	3902
769962328	3985	4063
769962328	4290	4333
769962328	4559	4594
769962328	4650	4768
769962328	4805	4933
769962328	5059	5103
769962328	5150	5260
769962328	5348	5371
769962328	5401	5427
769962328	5463	5493
769962328	6050	6081
769962328	6086	6119
769962328	5946	5976
769962328	6310	6391
769962328	6411	6429
769962328	3596	3661
769962328	5608	5821
