790266787	1403	1416
790266787	1921	1958
790266787	3134	3152
790266787	3372	3380
790266787	3391	3531
790266787	3665	3681
790266787	3768	3778
790266787	3882	3913
790266787	6390	6402
790266787	7876	7973
790266787	9833	9852
790266787	10617	10703
790266787	7693	7720
790266787	8846	8882
790266787	0	21
790266787	99	133
790266787	293	317
790266787	346	365
790266787	765	790
790266787	1574	1585
790266787	3035	3058
790266787	3561	3663
790266787	3723	3737
790266787	3929	3944
790266787	6168	6182
790266787	6917	6954
790266787	7430	7444
790266787	7606	7656
790266787	8359	8404
790266787	8431	8483
790266787	8998	9127
790266787	8696	8732
