788173482	1025	1089
788173482	2140	2189
788173482	5113	5131
788173482	5731	5754
788173482	7619	7637
788173482	1780	1795
788173482	3326	3350
788173482	5333	5484
788173482	9	32
788173482	500	510
788173482	534	586
788173482	780	819
788173482	1177	1197
788173482	1269	1296
788173482	1371	1403
788173482	1507	1534
788173482	1605	1702
788173482	1827	1843
788173482	2048	2079
788173482	2228	2280
788173482	2356	2377
788173482	2498	2524
788173482	2944	3003
788173482	3160	3178
788173482	3402	3435
788173482	2308	2345
788173482	4460	4480
788173482	4610	4685
788173482	4846	4900
788173482	4926	4960
788173482	7906	7918
788173482	7846	7853
788173482	7970	8006
788173482	598	655
