789370909	3212	3232
789370909	11058	11071
789370909	2009	2030
789370909	10444	10486
789370909	53	79
789370909	459	491
789370909	1894	1920
789370909	2148	2171
789370909	4056	4072
789370909	4416	4439
789370909	4736	4757
789370909	6861	6882
789370909	8063	8083
789370909	8985	9015
789370909	9255	9272
789370909	9306	9433
789370909	9840	9870
789370909	11722	11747
789370909	11848	11871
789370909	11837	11844
789370909	5762	5843
789370909	5939	6056
789370909	7380	7572
789370909	8517	8597
789370909	9135	9210
789370909	10867	10940
789370909	11625	11705
