785801366	1622	1645
785801366	2757	2775
785801366	2830	2853
785801366	3939	4427
785801366	4563	4568
785801366	7108	7131
785801366	8174	8193
785801366	8212	8242
785801366	8977	9023
785801366	4570	4710
785801366	178	206
785801366	234	246
785801366	502	526
785801366	543	559
785801366	756	791
785801366	830	870
785801366	1532	1545
785801366	1683	1868
785801366	1919	2050
785801366	2078	2107
785801366	2158	2185
785801366	2267	2292
785801366	2441	2468
785801366	2470	2703
785801366	2595	2605
785801366	2609	2662
785801366	2855	2941
785801366	2978	3024
785801366	3332	3372
785801366	3435	3609
785801366	3636	3662
785801366	3738	3761
785801366	3716	3725
785801366	3828	3838
785801366	4966	4999
785801366	5275	5286
785801366	5645	5658
785801366	5765	5773
785801366	5990	6002
785801366	6434	6462
785801366	6549	6589
785801366	6717	6726
785801366	6629	6655
785801366	7162	7180
785801366	7501	7576
785801366	7600	7633
785801366	7722	7774
785801366	7812	7833
785801366	7892	7927
785801366	8385	8432
785801366	8736	8754
785801366	8780	8789
785801366	8823	8862
785801366	8892	8913
785801366	8926	8951
785801366	9054	9079
785801366	9082	9102
785801366	9122	9130
785801366	2198	2226
785801366	2230	2258
785801366	2948	2976
785801366	3686	3714
