778139122	2417	2617
778139122	521	555
778139122	2649	2670
778139122	5764	5781
778139122	6616	6637
778139122	8016	8043
778139122	9158	9199
778139122	9526	9542
778139122	591	717
778139122	7622	7650
778139122	9213	9225
778139122	9600	9695
778139122	11683	11779
778139122	719	765
778139122	1614	1653
778139122	1695	1709
778139122	1913	1984
778139122	2315	2341
778139122	2784	2813
778139122	2939	2987
778139122	2993	3104
778139122	3121	3207
778139122	4452	4469
778139122	4606	4637
778139122	4918	4946
778139122	5293	5321
778139122	6012	6118
778139122	6572	6614
778139122	6901	6940
778139122	7343	7380
778139122	8137	8443
778139122	8413	8443
778139122	8859	8884
778139122	9310	9385
778139122	10195	10221
778139122	10458	10480
778139122	10283	10382
778139122	10786	10806
778139122	11481	11572
778139122	11634	11668
778139122	11960	12070
778139122	11785	11876
778139122	6643	6815
